# conqdata - robot strategy data generated on 13:16:27 05Oct86
    integer trstrat(20,10), trvec(32)
    data trstrat /-258169,-4,-49,-3801089,-14337,
	-1,-789505,-257,-513,-1048577,
	-1,-1,-8388609,-20971521,-24118017,
	-1,-65537,-9,-49,-67,
	-115729,-4,-17,-655361,-14337,
	-1,-2097153,-4,-5,-19627009,
	-3145729,-1,-1,-20971521,-24118017,
	-9,-65537,-9,-1,-3145985,
	-377857,-1,-17,-688129,-14337,
	-1,-2101249,-4,-5,-19627009,
	-3145729,-1,-1,-20971521,-24118017,
	-9,-65537,-9,-1,-3145985,
	-361473,-1,-129,-688129,-14337,
	-1,-2097153,-4,-5,-19627009,
	-3145729,-1,-1,-16777217,-24118145,
	-9,-65537,-9,-1,-3145985,
	-295937,-1,-129,-425985,-30721,
	-1,-2097153,-4,-5,-19627009,
	-3145729,-1,-1,-20971521,-21168318,
	-9,-65537,-1,-1,-3145985,
	-263169,-1,-129,-311297,-22529,
	-1,-2105345,-4,-5,-19627009,
	-3145729,-1,-1,-20971521,-21168318,
	-9,-65537,-1,-1,-3145985,
	-263169,-1,-129,-311297,-22529,
	-1,-2097153,-4,-5,-19627009,
	-3145729,-1,-1,-20971521,-21168318,
	-9,-65537,-1,-1,-3145985,
	-263169,-1,-129,-385025,-30721,
	-1,-2097153,-4,-5,-19627009,
	-3145729,-1,-1,-4194305,-16974014,
	-9,-65537,-1,-1,-3145985,
	-263169,-1,-129,-385089,-26625,
	-129,-2113537,-4,-5,-19627009,
	-3145729,-1,-1,-20971521,-16974014,
	-9,-1,-1,-1,-3145985,
	-263169,-1,-129,-520257,-28673,
	-129,-2097153,-4,-5,-19627009,
	-3145729,-1,-1,-20971521,-4423870,
	-9,-1,-1,-1,-3145985/
    data trvec /10,10,4,7,9,8,5,6,10,4,12,12,13,14,15,16,
	16,24,23,3,20,20,22,21,2,1,1,1,1,1,1,1/
